1
0
65
2
0
8
1
0
9
1
0
1
0
0
88

347
99
3527
133
4
1332
33
26
1050
49
5
391
6
13
7015

1696
611
13415
744
21
9913
79
248
3570
316
8
4317
40
118
35096

1149
236
4725
505
24
839
85
127
613
54
9
306
26
18
8716

53
25
810
39
1
109
1
5
233
12
0
48
2
2
1340

13
156
46
10
0
8
0
1
643
39
2
82
6
12
1018

76
4
298
19
0
21
9
7
19
3
0
1
2
0
459

0
0
0
0
0
0
0
0
0
0
0
0
0
0
0

0
0
0
1
0
0
0
0
0
0
0
0
0
0
1

0
0
0
0
0
0
0
0
0
0
0
0
0
0
0

3335
1131
22886
1453
50
12230
208
414
6137
474
24
5146
82
163
53733

3308
1100
23769
1443
52
11779
193
411
6263
447
21
4713
76
157
53732